-181.335321678699,80.5398628688569,11.5
-181.338654385939,79.5387806186112,11.6001087797695
-181.341884717133,78.5350243393883,11.7004849274899
-181.345013134036,77.5286272058912,11.8011251270776
-181.348040098408,76.5196223928231,11.9020260624205
-181.350966072003,75.5080430748873,12.0031844173793
-181.353791516581,74.4939224267867,12.1045968757876
-181.356516893899,73.4772936232245,12.2062601214526
-181.359142665712,72.4581898389038,12.3081708381557
-181.36166929378,71.4366442485276,12.4103257096531
-181.364097239859,70.4126900267991,12.5127214196764
-181.366426965706,69.3863603484217,12.6153546519329
-181.368658933078,68.3576883880982,12.7182220901062
-181.370793603734,67.3267073205318,12.8213204178569
-181.37283143943,66.2934503204255,12.9246463188229
-181.374772901923,65.2579505624823,13.0281964766198
-181.376618452971,64.220241221406,13.1319675748416
-181.37836855433,63.180355471899,13.235956297061
-181.380023667759,62.1383264886648,13.3401593268299
-181.381584255015,61.0941874464063,13.4445733476796
-181.383050777854,60.0479715198267,13.5491950431217
-181.384423698034,58.9997118836291,13.6540210966481
-181.385703477313,57.9494417125168,13.7590481917313
-181.386890577447,56.8971941811928,13.8642730118255
-181.387985460194,55.8430024643601,13.969692240366
-181.388988587311,54.7868997367218,14.0753025607702
-181.389900420555,53.7289191729811,14.181100656438
-181.390721421684,52.6690939478414,14.2870832107517
-181.391452052455,51.6074572360054,14.3932469070767
-181.392092774625,50.5440422121764,14.4995884287618
-181.392644049951,49.4788820510575,14.6061044591394
-181.393106340191,48.4120099273518,14.7127916815258
-181.393480107102,47.3434590157623,14.8196467792217
-181.393765812441,46.2732624909924,14.9266664355123
-181.393963917966,45.2014535277451,15.0338473336679
-181.394074885433,44.1280653007235,15.1411861569437
-181.394099176601,43.0531309846306,15.2486795885804
-181.394037253225,41.9766837541695,15.3563243118046
-181.393889577065,40.8987567840437,15.4641170098288
-181.393656609876,39.819383248956,15.5720543658517
-181.393338813416,38.7385963236095,15.6801330630586
-181.392936649442,37.6564291827073,15.7883497846216
-181.392450579712,36.5729150009528,15.8967012136997
-181.391881065983,35.4880869530488,16.0051840334393
-181.391228570012,34.4019782136986,16.1137949269741
-181.390493553557,33.3146219576053,16.2225305774258
-181.389676478374,32.226051359472,16.3313876679037
-181.388777806221,31.1362995940017,16.4403628815056
-181.387797998855,30.0453998358976,16.5494529013174
-181.386737518034,28.9533852598629,16.6586544104138
-181.385596825514,27.8602890406007,16.767964091858
-181.384376383054,26.7661443528141,16.8773786287026
-181.383076652409,25.670984371206,16.9868947039891
-181.381698095339,24.5748422704799,17.0965090007484
-181.380241173599,23.4777512253386,17.2062182020011
-181.378706348947,22.3797444104855,17.3160189907574
-181.37709408314,21.2808550006234,17.4259080500175
-181.375404837936,20.1811161704557,17.5358820627718
-181.373802748731,19.1806444129136,17.6359293667999
-181.372137768731,18.1795229968743,17.7360416468564
-181.370410244862,17.1777768469833,17.8362164108022
-181.36862052405,16.175430887886,17.936451166492
-181.366768953219,15.172510044228,18.0367434217742
-181.364855879293,14.1690392406546,18.137090684491
-181.362881649199,13.1650434018115,18.2374904624788
-181.360846609862,12.160547452344,18.3379402635677
-181.358751108206,11.1555763168975,18.4384375955825
-181.356595491156,10.1501549201177,18.5389799663417
-181.354380105638,9.14430818664976,18.6395648836584
-181.352105298577,8.1380610411395,18.7401898553401
-181.349771416897,7.13143840823215,18.8408523891888
-181.347378807524,6.12446521257322,18.9415499930012
-181.344927817383,5.11716637880817,19.0422801745685
-181.342418793399,4.10956683158252,19.1430404416766
-181.339852082497,3.10169149554175,19.2438283021065
-181.337228031601,2.0935652953313,19.344641263634
-181.334546987638,1.08521315559664,19.4454768340298
-181.331809297533,0.0766600009831961,19.5463325210597
-181.329015308209,-0.932069243863566,19.6472058324848
-181.326165366593,-1.94094965429806,19.7480942760611
-181.323259819609,-2.94995630567495,19.8489953595402
-181.320299014182,-3.95906427334875,19.9499065906689
-181.317283297238,-4.96824863267391,20.0508254771895
-181.314213015702,-5.97748445900509,20.1517495268396
-181.311088516498,-6.98674682769663,20.2526762473527
-181.307910146552,-7.99601081410321,20.3536031464576
-181.304678252789,-9.00525149357929,20.4545277318789
-181.301393182134,-10.0144439414795,20.5554475113371
-181.298055281511,-11.0235632331583,20.6563599925482
-181.294664897847,-12.0325844439702,20.7572626832244
-181.291222378065,-13.0414826492698,20.8581530910737
-181.287728069092,-14.0502329244116,20.9590287238
-181.284182317852,-15.0588103447501,21.0598870891035
-181.280585471271,-16.0671899856399,21.1607256946802
-181.276937876272,-17.0753469224355,21.2615420482226
-181.273239879782,-18.0832562304914,21.3623336574192
-181.269491828726,-19.0908929851621,21.4630980299548
-181.265694070028,-20.0982322618023,21.5638326735107
-181.261846950614,-21.1052491357663,21.6645350957644
-181.257950817408,-22.1119186824088,21.7652028043899
-181.254006017336,-23.1182159770843,21.8658333070578
-181.250012897323,-24.1241160951474,21.9664241114351
-181.245971804294,-25.1295941119524,22.0669727251854
-181.241883085174,-26.1346251028541,22.1674766559691
-181.237747086887,-27.1391841432069,22.2679334114431
-181.23356415636,-28.1432463083652,22.3683404992611
-181.229334640518,-29.1467866736838,22.4686954270738
-181.225058886284,-30.1497803145171,22.5689957025283
-181.220737240584,-31.1522023062196,22.6692388332691
-181.216370050344,-32.1540277241459,22.7694223269371
-181.211957662489,-33.1552316436505,22.8695436911706
-181.207500423943,-34.1557891400879,22.9696004336047
-181.20254607305,-35.2556260199621,23.0795852374607
-181.197538334358,-36.354617394401,23.1894855158288
-181.192477669624,-37.4527300887013,23.2992979513592
-181.187364540606,-38.5499309281599,23.409019226698
-181.182199409061,-39.6461867380738,23.5186460244873
-181.176982736746,-40.7414643437398,23.6281750273652
-181.171714985419,-41.8357305704549,23.737602917966
-181.166396616836,-42.9289522435158,23.8469263789199
-181.161028092755,-44.0210961882195,23.9561420928536
-181.155609874933,-45.1121292298628,24.0652467423898
-181.150142425128,-46.2020181937428,24.1742370101477
-181.144626205097,-47.290729905156,24.2831095787429
-181.139061676597,-48.3782311893996,24.3918611307874
-181.133449301385,-49.4644888717704,24.5004883488897
-181.127789541218,-50.5494697775652,24.608987915655
-181.122082857855,-51.6331407320809,24.7173565136848
-181.116329713051,-52.7154685606145,24.8255908255778
-181.110530568565,-53.7964200884628,24.9336875339289
-181.104685886153,-54.8759621409227,25.0416433213301
-181.098796127574,-55.9540615432911,25.1494548703702
-181.092861754583,-57.0306851208648,25.2571188636349
-181.086883228939,-58.1057996989407,25.3646319837069
-181.080861012399,-59.1793721028157,25.4719909131657
-181.074795566719,-60.2513691577868,25.5791923345881
-181.068687353658,-61.3217576891508,25.6862329305478
-181.062536834972,-62.3905045222044,25.793109383616
-181.05634447242,-63.4575764822448,25.8998183763606
-181.050110727757,-64.5229403945687,26.0063565913473
-181.043836062741,-65.586563084473,26.1127207111387
-181.03752093913,-66.6484113772546,26.218907418295
-181.031165818681,-67.7084520982103,26.3249133953737
-181.024771163151,-68.7666520726371,26.4307353249297
-181.018337434297,-69.8229781258318,26.5363698895156
-181.011865093877,-70.8773970830914,26.6418137716814
-181.005354603647,-71.9298757697126,26.7470636539746
-180.998806425366,-72.9803810109924,26.8521162189407
-180.99222102079,-74.0288796322277,26.9569681491226
-180.985598851677,-75.0753384587154,27.0616161270609
-180.978940379784,-76.1197243157522,27.1660568352941
-180.972246066868,-77.1620040286352,27.2702869563587
-180.965516374687,-78.2021444226612,27.3743031727887
-180.958751764997,-79.240112323127,27.4781021671163
-180.951952699557,-80.2758745553296,27.5816806218715
-180.945119640122,-81.3093979445658,27.6850352195825
-180.938253048451,-82.3406493161325,27.7881626427753
-180.931353386301,-83.3695954953267,27.8910595739742
-180.924421115429,-84.3962033074452,27.9937226957017
-180.917456697593,-85.4204395777847,28.0961486904781
-180.910460594549,-86.4422711316424,28.1983342408224
-180.903433268055,-87.461664794315,28.1990641923354
-180.896375179868,-88.4785873910994,28.148224951603
-180.889286791745,-89.4930057472924,28.0975108893354
-180.882168565444,-90.5048866881911,28.046923664012
-180.875020962723,-91.5141970390922,27.9964649341128
-180.867844445337,-92.5209036252927,27.9461363581184
-180.860639475045,-93.5249732720894,27.8959395945104
-180.853406513603,-94.5263728047791,27.845876301771
-180.845484629013,-95.6157244223716,27.7914159723867
-180.837530581658,-96.7018158330805,27.7371186112611
-180.829544971024,-97.7846039671185,27.682986371558
-180.821528396599,-98.864045754698,27.6290214064418
-180.813481457867,-99.940098126032,27.5752258690779
-180.805404754317,-101.012718011332,27.5216019126325
-180.797298885434,-102.081862340813,27.4681516902725
-180.789164450705,-103.147488044685,27.4148773551656
-180.781002049617,-104.209552053163,27.3617810604802
-180.772812281655,-105.268011296458,27.3088649593853
-180.764595746308,-106.322822704783,27.2561312050506
-180.75635304306,-107.373943208351,27.2035819506462
-180.748084771399,-108.421329737374,27.1512193493429
-180.739791530811,-109.464939222065,27.0990455543122
-180.731473920783,-110.504728592637,27.0470627187256
-180.7231325408,-111.540654779302,26.9952729957555
-180.714767990351,-112.572674712272,26.9436785385744
-180.70638086892,-113.600745321762,26.8922815003552
-180.697971775996,-114.624823537982,26.8410840342713
-180.689541311063,-115.644866291147,26.7900882934962
-180.68109007361,-116.660830511467,26.7392964312036
-180.672618663121,-117.672673129157,26.6887106005676
-180.664127679084,-118.680351074428,26.6383329547622
-180.655617720986,-119.683821277494,26.5881656469616
-180.646377883307,-120.766115724141,26.5340575880664
-180.637117243216,-121.843366611155,26.4802016487516
-180.627836562909,-122.915519179091,26.4266005665891
-180.618536604579,-123.982518668502,26.3732570791503
-180.609218130422,-125.044310319943,26.3201739240066
-180.59988190263,-126.100839373967,26.2673538387289
-180.590528683399,-127.152051071128,26.2147995608881
-180.581159234923,-128.19789065198,26.1625138280545
-180.571774319397,-129.238303357077,26.1104993777976
-180.562374699014,-130.273234426972,26.0587589476869
-180.552961135969,-131.302629102221,26.0072952752907
-180.543534392457,-132.326432623376,25.9561110981768
-180.534095230672,-133.344590230992,25.905209153912
-180.524644412808,-134.357047165622,25.8545921800623
-180.51518270106,-135.363748667821,25.8042629141924
-180.505710857622,-136.364639978142,25.7542240938662
-180.495499954387,-137.435962329062,25.7006640913488
-180.485279136717,-138.500414331373,25.6474475309896
-180.475049356575,-139.557927591849,25.5945778319343
-180.464811565922,-140.608433717262,25.5420584133263
-180.454566716722,-141.651864314385,25.4898926943067
-180.444315760937,-142.68815098999,25.4380840940142
-180.434059650529,-143.717225350851,25.3866360315845
-180.42379933746,-144.73901900374,25.3355519261506
-180.413535773693,-145.753463555431,25.2848351968422
-180.40326991119,-146.760490612695,25.2344892627857
-180.39226930344,-147.831139323317,25.1809625443224
-180.381268320521,-148.893110419781,25.1278696140539
-180.370268133305,-149.946319781408,25.0752146773412
-180.359269912665,-150.990683287521,25.0230019395399
-180.348274829473,-152.02611681744,24.9712356059992
-180.3372840546,-153.052536250488,24.9199198820615
-180.326298758919,-154.069857465986,24.8690589730625
-180.315320113302,-155.077996343256,24.8186570843301
-180.303618207066,-156.143128721644,24.7654057502245
-180.291926620322,-157.197615837661,24.7126865675875
-180.280246774075,-158.24135559996,24.6605046400973
-180.26858008933,-159.274245917192,24.6088650714195
-180.256927987093,-160.29618469801,24.5577729652062
-180.245291888369,-161.307069851065,24.5072334250947
-180.23294765801,-162.368909639442,24.4541463206897
-180.220624802741,-163.418033212009,24.4016948947059
-180.208325027005,-164.454318113982,24.3498852687048
-180.196050035244,-165.47764189058,24.2987235642238
-180.183801531901,-166.487882087018,24.2482159027738
-180.170863294032,-167.543151439146,24.1954568897236
-180.157958686652,-168.583470049006,24.1434452584043
-180.145089733027,-169.608692556067,24.0921882752722
-180.132258456424,-170.618673599796,24.0416932067386
-180.118757441682,-171.668068976887,23.9892274689913
-180.105303040464,-172.700149434677,23.937627296658
-180.091897632329,-173.714744015024,23.8869012355537
-180.077842221027,-174.763659818179,23.834459106663
-180.06384650772,-175.792811863408,23.7830049582551
-180.049913267809,-176.802000753549,23.7325487574393
-180.035353639703,-177.839945564648,23.6806546934348
-180.020869161269,-178.855430334747,23.6298833931081
-180.005779049179,-179.894930221638,23.57791121718
-179.990778634484,-180.909261354485,23.5271972088035
-179.975196298132,-181.942499575091,23.4755376678498
-179.95972025736,-182.94763564036,23.4252829283372
-179.943689239152,-183.966183799169,23.3743573405106
-179.927123393592,-184.993910917802,23.322972510283
-179.91004477281,-186.026331150245,23.2713526745087
-179.892477461074,-187.058696591442,23.2197351675991
-179.8744477101,-188.085987556688,23.168370906618
-179.855984079545,-189.102902487143,23.1175248947694
-179.837117582728,-190.103847481483,23.0674767431526
-179.817265837947,-191.11356572432,23.016989132148
-179.796494046715,-192.119944949999,22.9666674848731
-179.774280517308,-193.136211015222,22.9158501547716
-179.750744161244,-194.140938025048,22.8656080408085
-179.720871638703,-195.149127660928,22.8151844833396
-179.662460455914,-196.149725974383,22.7650773914485
-179.573722549568,-197.149719112874,22.8654696567407
-179.456604129979,-198.148209099428,22.9660031823655
-179.312977768516,-199.14433773105,23.0666461544225
-179.14464427035,-200.137285493098,23.1673576942161
-178.953334523179,-201.126270487572,23.2680895530621
-178.740711321955,-202.11054737533,23.3687875976049
-178.508371169591,-203.089406332218,23.4693931046052
-178.257846053666,-204.062172019114,23.5698438843589
-177.990605199115,-205.028202565901,23.6700752512889
-177.703885889609,-206.000627566875,23.7714566275354
-177.402694214547,-206.965292845021,23.8725157945609
-177.08835517019,-207.921634310555,23.9731834673017
-176.76213644511,-208.869118180462,24.0733904700673
-176.420108124038,-209.82127477522,24.1745628750678
-176.068136896389,-210.763715268939,24.275164954037
-175.701787649206,-211.710129753139,24.3766495413799
-175.32731692129,-212.64603261225,24.4774534345467
-174.945787537135,-213.571000079433,24.5775098929249
-174.552064720101,-214.498931603388,24.6783104172194
-174.146588043921,-215.429572363881,24.7798241384603
-173.736292742489,-216.348294917373,24.8804418985561
-173.315448205798,-217.269153708282,24.9816886781029
-172.891283768409,-218.177474179961,25.0819364486126
-172.457704003541,-219.087396941022,25.1827308355395
-172.015109144576,-219.99868997677,25.2840395324113
-171.571126703096,-220.896630544173,25.3842102702008
-171.119182193575,-221.795452382303,25.4848151675163
-170.659657091581,-222.694934350342,25.5858216589013
-170.192932872683,-223.594855307474,25.6871966669452
-169.727080876987,-224.480475176866,25.7872636762419
-169.254992703479,-225.36609531173,25.8876225456477
-168.777031665352,-226.251505099949,25.9882404986702
-168.293561075794,-227.136493929413,26.0890843898704
-167.804944247998,-228.020851188005,26.1901207281469
-167.311544495153,-228.904366263614,26.2913156986215
-166.81372513045,-229.786828544126,26.3926351832431
-166.311849467078,-230.668027417426,26.4940447802145
-165.80628081823,-231.547752271402,26.5955098223424
-165.297382497095,-232.425792493939,26.696995394403
-164.785517816864,-233.301937472925,26.7984663496104
-164.271050090727,-234.175976596245,26.8998873252679
-163.754342631875,-235.047699251787,27.0012227576801
-163.235758753498,-235.916894827436,27.102436896398
-162.715661768787,-236.783352711078,27.2034938178647
-162.194414990933,-237.646862290602,27.304357438529
-161.672381733125,-238.507212953892,27.404991527489
-161.149925308554,-239.364194088835,27.5053597187263
-160.627409030411,-240.217595083318,27.6054255229907
-160.096639908564,-241.081100601523,27.7067841753435
-159.566565752953,-241.940468920622,27.8077540975143
-159.037568039146,-242.795478899798,27.9082966579404
-158.510028242713,-243.645909398233,28.0083731421657
-157.975865974355,-244.505137909704,28.1095464075999
-157.444003146088,-245.359177677304,28.2101576392161
-156.914839991295,-246.207796686337,28.3101660322081
-156.380453694345,-247.064096506184,28.4111025516565
-155.849686091257,-247.91431943611,28.5113319524858
-155.314760911731,-248.771356773838,28.6123595697967
-154.784440778508,-249.621620115063,28.7125687107536
-154.251125811855,-250.477771241672,28.8134359306643
-153.715523214837,-251.339207838174,28.9148727657749
-153.186236088871,-252.192622439589,29.015294941793
-152.656001412205,-253.050285314929,29.093714668684
-152.125642620566,-253.911520939984,29.0535946361213
-151.596033085983,-254.775621928136,29.0133933183643
-151.07546625826,-255.629720672773,28.973717587978
-150.557263671759,-256.485476565179,28.9340343714627
-150.035355347537,-257.353918417573,28.8938443511757
-149.518200950704,-258.222072553886,28.8537609446048
-149.006948154111,-259.089058003682,28.8138367740418
-148.50280485738,-259.953955968751,28.774126666766
-148.000705098063,-260.826904307193,28.7341808308865
-147.502630947357,-261.706299367636,28.69409206151
-147.010496212497,-262.592874409303,28.6538701010792
-146.532865818209,-263.482601565637,28.6138140845756
-146.071073395697,-264.373041265033,28.7141203705077
-145.617311747859,-265.278272102581,28.8153795677343
-145.179029734446,-266.18247207462,28.9158618404353
-144.748682755435,-267.100248261036,29.0172280897837
-144.33344578598,-268.01535306013,29.1177188124464
-143.926038406586,-268.942887961451,29.2190253653417
-143.533360994599,-269.866210117876,29.3193607705798
-143.148398599505,-270.800882615357,29.3585100316608
-142.777776567887,-271.729896515182,29.3106643206115
-142.414746416579,-272.669244927284,29.2624911986056
-142.059380098732,-273.618620067394,29.2140001133778
-141.717889002528,-274.560504027736,29.1660747427979
-141.383928048554,-275.511471337327,29.1178612052603
-141.057565403753,-276.471230407658,29.0693689008678
-140.744594880875,-277.42181078671,29.0214962696432
-140.439079103473,-278.380309079685,28.9733732261241
-140.141082587486,-279.346449315475,28.9250089967779
-139.850669848853,-280.319955522974,28.8764129000815
-139.573071888783,-281.282329766082,28.8285003450415
-139.30290257244,-282.251272927041,28.7803824504553
-139.040222897509,-283.226524084301,28.7320682432438
-138.785093861675,-284.207822316314,28.6835668090094
-138.537576462623,-285.194906701532,28.6348872860726
-138.302185680489,-286.168738288594,28.5869620296831
-138.074238340614,-287.147642145666,28.538882897299
-137.853792052719,-288.131371843432,28.4906586362934
-137.640904426524,-289.119680952579,28.4422980227562
-137.435633071752,-290.112323043793,28.3938098568583
-137.238035598124,-291.109051687757,28.3452029583247
-137.04816961536,-292.10962045516,28.2964861620023
-136.869520398071,-293.09443974428,28.2486080111049
-136.698417930751,-294.082483353656,28.2006410084235
-136.53491656299,-295.073518799396,28.1525935072645
-136.379070644376,-296.067313597609,28.1044738593042
-136.230934524501,-297.063635264405,28.0562904108208
-136.090562552954,-298.062251315891,28.0080514989452
-135.958009079325,-299.062929268176,27.9597654479206
-135.833328453204,-300.065436637369,27.911440565362
-135.71657502418,-301.069540939579,27.8630851385042
-135.607803141844,-302.075009690914,27.8147074304311
-135.507067155786,-303.081610407484,27.7663156762751
-135.414421415594,-304.089110605396,27.7179180793769
-135.32992027086,-305.09727780076,27.6695228073987
-135.253618071173,-306.105879509685,27.6211379883773
-135.185569166122,-307.114683248278,27.5727717067112
-135.125827905298,-308.123456532649,27.524431999069
-135.074448638291,-309.131966878907,27.4761268502112
-135.03148571469,-310.139981803159,27.427864188714
-134.996993484086,-311.147268821516,27.3796518825847
-134.971026296068,-312.153595450085,27.3314977347594
-134.953638500225,-313.158729204975,27.2834094784698
-134.944884446149,-314.162437602295,27.2353947724709
-134.944818483428,-315.164488158155,27.1874611961144
-134.953494961653,-316.164648388661,27.1396162442595
-134.971399143354,-317.182232386708,27.0909320842422
-134.998506079569,-318.197363082624,27.042355503733
-135.034873380019,-319.209794047095,26.9938941409124
-135.080558654428,-320.219278850807,26.9455555183369
-135.135619512514,-321.225571064444,26.8973470361991
-135.200113564001,-322.228424258693,26.8492759653123
-135.274098418608,-323.227592004239,26.801349439802
-135.359332052332,-324.241926863964,26.7526572378353
-135.454545874448,-325.25191624395,26.7041296931109
-135.559800882642,-326.257299222647,26.6557738702312
-135.675158074597,-327.257814878507,26.6075966508104
-135.800678448,-328.253202289984,26.5596047234929
-135.939082887483,-329.2618262595,26.5109045773764
-136.08816547991,-330.264579808689,26.4624101436735
-136.247990741221,-331.261186966441,26.414127809202
-136.418623187354,-332.251371761649,26.3660637040817
-136.600127334249,-333.234858223204,26.3182236879491
-136.796234954132,-334.229386414557,26.2697338734024
-137.003755753138,-335.216388013318,26.2214878768698
-137.222757898208,-336.195571430979,26.1734909281588
-137.457608733665,-337.184224082212,26.1248822353817
-137.704504835592,-338.164161597936,26.0765415180059
-137.963518157141,-339.135076193884,26.0284730880633
-138.239674768309,-340.113744547766,25.9798299197077
-138.528535643732,-341.082421413918,25.9314764173569
-138.830176660437,-342.040782223441,25.8834156119656
-139.150306393313,-343.005032152678,25.8348146402164
-139.483827130803,-343.957922873135,25.7865212439641
-139.830818813935,-344.899112431891,25.7385367182621
-140.197696938412,-345.844171015983,25.6900424028578
-140.578681397326,-346.776407678793,25.6418681403058
-140.973856338286,-347.695462473474,25.5940129265261
-141.390369241497,-348.616204338961,25.5456718929137
-141.821733260072,-349.522562893499,25.4976559105458
-142.275602362882,-350.428892298753,25.449168794602
-142.745006215682,-351.319565862471,25.5498484536265
-143.234360976889,-352.204605944911,25.6509802503
-143.726098621967,-353.082408164026,25.7515954900737
-144.218219208246,-353.957965155536,25.8520336659244
-144.71067362707,-354.831348051245,25.9522987663899
-145.203412769783,-355.70262798296,26.0523947494347
-145.705038015967,-356.587108340354,26.1540772646586
-146.206855478172,-357.469559889479,26.2555928546892
-146.708813417468,-358.350057571984,26.3569456021467
-147.210860094922,-359.228676329517,26.4581395637962
-147.712943771602,-360.105491103728,26.5591787723572
-148.215012708576,-360.980576836265,26.6600672383364
-148.717015166913,-361.854008468778,26.760808951884
-149.21889940768,-362.725860942916,26.8614078846711
-149.720613691946,-363.596209200328,26.9618679917891
-150.222106280778,-364.465128182662,27.0621932136685
-150.723325435245,-365.332692831569,27.1623874780171
-151.224219416414,-366.198978088696,27.2624547017764
-151.733362479642,-367.078963961711,27.3641209102991
-152.242061060136,-367.95778237895,27.4656638104091
-152.750260696405,-368.835512225571,27.5670875035953
-153.25790692696,-369.712232386731,27.6683960884429
-153.764945290313,-370.588021747589,27.7695936628459
-154.271321324974,-371.462959193303,27.8706843262323
-154.776980569454,-372.33712360903,27.9716721818017
-155.281868562262,-373.210593879928,28.0725613387724
-155.785930841911,-374.083448891156,28.1733559146379
-156.289112946911,-374.955767527871,28.274060037431
-156.791360415772,-375.827628675232,28.3746778479942
-157.292618787005,-376.699111218395,28.4752135022553
-157.792833599121,-377.57029404252,28.575671173506
-158.291950390631,-378.441256032765,28.676055054683
-158.789914700044,-379.312076074286,28.7763693606501
-159.286672065873,-380.182833052242,28.8766183304784
-159.782168026627,-381.053605851792,28.9768062297257
-160.276348120818,-381.924473358092,29.0769373527107
-160.769157886955,-382.795514456301,29.1770160247828
-161.26054286355,-383.666808031577,29.2770466045842
-161.758739011928,-384.553209585928,29.3787278279154
-162.255348062303,-385.440036794949,29.4803685209264
-162.750312736756,-386.327372623278,29.5819733879944
-163.243575757367,-387.215300035551,29.6835471787561
-163.735079846219,-388.103901996406,29.7850946905027
-164.224767725393,-388.993261470478,29.8866207705576
-164.712582116969,-389.883461422404,29.9881303186326
-165.198465743029,-390.774584816822,30.0896282891616
-165.682361325654,-391.666714618368,30.19111969361
-166.164211586925,-392.559933791677,30.2926096027564
-166.643959248923,-393.454325301388,30.3941031489471
-167.12154703373,-394.349972112137,30.4956055283183
-167.596917663427,-395.246957188561,30.5971220029864
-168.070013860095,-396.145363495295,30.6986579032031
-168.540778345814,-397.045273996978,30.8002186294734
-169.009153842667,-397.946771658245,30.9018096546341
-169.475083072735,-398.849939443733,31.0034365258924
-169.938508758098,-399.754860318079,31.1051048668193
-170.39171383461,-400.646489135562,31.2051247043287
-170.842388276424,-401.539972199929,31.1711821952423
-171.290477622051,-402.435388396338,31.1217323634451
-171.735927410001,-403.332816609947,31.072251746239
-172.178683178786,-404.232335725915,31.0227375126927
-172.618690466915,-405.134024629398,30.9731867916136
-173.055894812899,-406.037962205556,30.9235966708041
-173.49024175525,-406.944227339546,30.8739641963456
-173.921676832477,-407.852898916525,30.8242863719088
-174.350145583092,-408.764055821653,30.7745601580929
-174.775593545606,-409.677776940086,30.7247824717941
-175.197966258528,-410.594141156983,30.6749501856037
-175.617209260369,-411.513227357502,30.6250601272368
-176.033268089641,-412.435114426801,30.5751090789929
-176.446088284854,-413.359881250037,30.5250937772479
-176.855615384519,-414.287606712369,30.4750109119797
-177.261794927146,-415.218369698954,30.4248571263268
-177.664572451246,-416.152249094951,30.374629016181
-178.057154437679,-417.073414109426,30.3251764377751
-178.446344381022,-417.997741962974,30.2756453730312
-178.832090542344,-418.925307597243,30.2260324525391
-179.214341182711,-419.856185953883,30.1763342615795
-179.593044563192,-420.790451974543,30.1265473399109
-179.968148944856,-421.728180600872,30.0766681815915
-180.339602588769,-422.669446774519,30.0266932348334
-180.707353756001,-423.614325437133,29.9766189018914
-181.07135070762,-424.562891530362,29.9264415389845
-181.425364049056,-425.498768244898,29.8770253465368
-181.775652435726,-426.438349844952,29.827502536975
-182.122166758972,-427.38170746233,29.7778695216818
-182.465111311428,-428.331231823175,29.7280106801689
-182.79952367909,-429.294541102015,29.6776507595355
-183.121831070743,-430.263213361697,29.779739348584
-183.431424876754,-431.229323831259,29.8811897189193
-183.727754439872,-432.185519168745,29.9812956994303
-184.01842764173,-433.152326008396,30.0822514508997
-184.303170080509,-434.126218044496,30.1837178963101
-184.581726232479,-435.103840540324,30.2853711930667
-184.853858500806,-436.08200410708,30.386902465825
-185.119346291531,-437.057678660553,30.4880174796123
-185.377985116729,-438.027987555539,30.5884362723549
-185.637993937464,-439.022665016175,30.6912461861549
-185.890868955958,-440.008125725699,30.7929849980703
-186.136440369464,-440.981816091715,30.893403036689
-186.383073571999,-441.975935221024,30.9958286575
-186.622168234742,-442.954887556005,31.0966013686829
-186.862171756426,-443.952354527146,31.1991948406458
-187.094427254528,-444.93148884455,31.2998251853692
-187.327455208148,-445.92736382729,31.402102700416
-187.55254927911,-446.901958943829,31.5021278463526
-187.778294733045,-447.891653090405,31.6036392010742
-188.004659725727,-448.896237997263,31.706616477451
-188.222872981298,-449.876033824735,31.8069965994094
-188.441601284089,-450.869219288988,31.9086951459499
-188.660816324702,-451.875609238966,32.0116939792175
-188.87169440826,-452.853994503537,32.1117793074157
-189.082969933106,-453.844214577135,32.2130301415631
-189.294617852892,-454.846105649956,32.222222
-189.506613121274,-455.859503912195,32.222222
-189.710078018036,-456.841323646827,32.222222
-189.913816873888,-457.833416997902,32.222222
-190.117807644642,-458.835639790512,32.222222
-190.322028286106,-459.847847849754,32.222222
-190.526456754091,-460.869897000721,32.222222
-190.722171168452,-461.856584861806,32.222222
-190.918036269289,-462.852018584949,32.222222
-191.11403276454,-463.856071994889,32.222222
-191.31014136214,-464.868618916367,32.222222
-191.506342770025,-465.889533174122,32.222222
-191.702617696133,-466.918688592894,32.222222
-191.890021892306,-467.908636077802,32.222222
-192.077458717929,-468.905867849216,32.222222
-192.264911393908,-469.910274167367,32.222222
-192.452363141147,-470.921745292482,32.222222
-192.639797180553,-471.94017148479,32.222222
-192.82719673303,-472.965443004521,32.222222
-193.014545019484,-473.997450111901,32.222222
-193.192908944675,-474.986475728477,32.222222
-193.371196656525,-475.981416387059,32.222222
-193.549393660621,-476.982177290306,32.222222
-193.72748546255,-477.988663640878,32.222222
-193.9054575679,-479.000780641434,32.222222
-194.083295482256,-480.018433494634,32.222222
-194.260984711207,-481.041527403137,32.222222
-194.438510760338,-482.069967569604,32.222222
-194.615859135239,-483.103659196693,32.222222
-194.784162318944,-484.090444065226,32.222222
-194.9522796433,-485.081801545501,32.222222
-195.120198681161,-486.077650360648,32.222222
-195.287907005377,-487.077909233798,32.222222
-195.455392188802,-488.082496888081,32.222222
-195.62264180429,-489.091332046626,32.222222
-195.789643424691,-490.104333432565,32.222222
-195.95638462286,-491.121419769026,32.222222
-196.122852971648,-492.142509779142,32.222222
-196.289036043909,-493.16752218604,32.222222
-196.454921412496,-494.196375712853,32.222222
-196.62049665026,-495.22898908271,32.222222
-196.785749330055,-496.265281018741,32.222222
-196.950667024733,-497.305170244076,32.222222
-197.106584575693,-498.293573075194,32.222222
-197.262179755314,-499.285062444559,32.222222
-197.417441997168,-500.279569244911,32.222222
-197.572360734827,-501.277024368989,32.222222
-197.726925401866,-502.277358709531,32.222222
-197.881125431857,-503.280503159276,32.222222
-198.034950258373,-504.286388610963,32.222222
-198.188389314987,-505.29494595733,32.222222
-198.341432035271,-506.306106091117,32.222222
-198.4940678528,-507.319799905062,32.222222
-198.646286201145,-508.335958291904,32.222222
-198.79807651388,-509.354512144382,32.222222
-198.949428224578,-510.375392355234,32.222222
-199.100330766811,-511.3985298172,32.222222
-199.250773574153,-512.423855423017,32.222222
-199.400746080177,-513.451300065426,32.222222
-199.550237718456,-514.480794637164,32.222222
-199.699237922562,-515.51227003097,32.222222
-199.847736126068,-516.545657139584,32.222222
-199.995721762548,-517.580886855743,32.222222
-200.143184265574,-518.617890072188,32.222222
-200.29011306872,-519.656597681656,32.222222
-200.436497605558,-520.696940576886,32.222222
-200.582327309662,-521.738849650617,32.222222
-200.727591614604,-522.782255795588,32.222222
-200.872279953957,-523.827089904538,32.222222
-201.016381761294,-524.873282870205,32.1696541812557
-201.159886470188,-525.920765585328,32.1170268050546
-201.302783514213,-526.969468942647,32.06434332318
-201.437174347157,-527.960969528178,32.0145382952476
-201.571004831668,-528.95343903702,31.9646892091101
-201.704266066364,-529.946819251756,31.9147989725182
-201.836949149865,-530.941051954971,31.8648704931717
-201.969045180788,-531.936078929246,31.8149066787117
-202.100545257752,-532.931841957166,31.7649104367121
-202.231440479377,-533.928282821313,31.7148846746717
-202.36172194428,-534.925343304271,31.6648323000055
-202.491380751081,-535.922965188623,31.6147562200368
-202.620407998398,-536.921090256953,31.5646593419888
-202.748794784849,-537.919660291843,31.5145445729765
-202.876532209054,-538.918617075877,31.4644148199977
-203.00361136963,-539.917902391638,31.4142729899253
-203.130023365197,-540.917458021709,31.3641219894984
-203.255759294374,-541.917225748675,31.313964725314
-203.380810255778,-542.917147355117,31.2638041038179
-203.505167348029,-543.917164623619,31.2136430312966
-203.628821669745,-544.917219336765,31.1634844138682
-203.751764319544,-545.917253277138,31.1133311574733
-203.873986396047,-546.917208227321,31.0631861678665
-203.99547899787,-547.917025969897,31.0130523506068
-204.116233223633,-548.91664828745,30.9629326110487
-204.236240171955,-549.916016962562,30.9128298543326
-204.355490941454,-550.915073777818,30.8627469853756
-204.473976630749,-551.9137605158,30.8126869088614
-204.591688338457,-552.912018959091,30.7626525292311
-204.708617163199,-553.909790890276,30.7126467506724
-204.824754203593,-554.907018091937,30.6626724771105
-204.940090558257,-555.903642346657,30.612732612197
-205.05461732581,-556.89960543702,30.5628300592995
-205.168325604871,-557.894849145609,30.5129677214913
-205.281206494058,-558.889315255007,30.4631485015399
-205.39981571678,-559.941367115444,30.4104489619523
-205.517476800872,-560.992412828548,30.357804461031
-205.634179179908,-562.042383287057,30.3052184433154
-205.749912287459,-563.091209383711,30.252694352901
-205.8646655571,-564.138822011248,30.2002356334237
-205.978428422402,-565.185152062406,30.147845728043
-206.091190316939,-566.230130429925,30.0955280794246
-206.202940674284,-567.273688006544,30.0432861297236
-206.31366892801,-568.315755685001,29.9911233205659
-206.423364511689,-569.356264358034,29.9390430930303
-206.532016858895,-570.395144918384,29.8870488876292
-206.639615403201,-571.432328258788,29.8351441442895
-206.74614957818,-572.467745271985,29.7833323023325
-206.851608817404,-573.501326850714,29.731616800453
-206.955982554447,-574.533003887714,29.6800010766986
-207.059260222881,-575.562707275724,29.6284885684478
-207.16143125628,-576.590367907482,29.5770827123874
-207.262485088216,-577.615916675728,29.5257869444892
-207.362411152263,-578.639284473199,29.4746046999868
-207.461198881993,-579.660402192635,29.42353941335
-207.55883771098,-580.679200726775,29.3725945182604
-207.655317072796,-581.695610968357,29.3217734475843
-207.750626401014,-582.70956381012,29.2710796333462
-207.844755129207,-583.720990144803,29.2205165067006
-207.937692690949,-584.729820865144,29.1700874979029
-208.029428519811,-585.735986863883,29.1197960362796
-208.119952049368,-586.739419033759,29.0696455501974
-208.209252713192,-587.740048267509,29.019639467031
-208.297319944856,-588.737805457873,28.9697812131301
-208.388930003332,-589.787801429523,28.9173172177959
-208.479141574506,-590.834439101515,28.8650257770571
-208.567942231232,-591.877637196977,28.8129109166554
-208.655319546362,-592.917314439041,28.7609766608745
-208.741261092749,-593.953389550836,28.7092270324873
-208.825754443245,-594.985781255493,28.6576660527015
-208.908787170704,-596.014408276142,28.6062977411032
-208.990346847977,-597.039189335913,28.5551261155977
-209.070421047918,-598.060043157936,28.5041551923482
-209.148997343379,-599.076888465342,28.4533889857119
-209.226063307214,-600.08964398126,28.4028315081732
-209.301606512274,-601.098228428821,28.3524867702745
-209.375614531412,-602.102560531155,28.3023587805431
-209.448074937481,-603.102559011392,28.2524515454162
-209.522663451593,-604.150417891692,28.200160504226
-209.595508894875,-605.19329011984,28.1481231710068
-209.666596772914,-606.231080898497,28.0963442105648
-209.735912591297,-607.263695430322,28.0448282847128
-209.803441855611,-608.291038917974,27.9935800521476
-209.869170071445,-609.313016564114,27.9426041683211
-209.933082744383,-610.329533571399,27.8919052853057
-209.995165380014,-611.340495142491,27.8414880516521
-210.055403483925,-612.345806480047,27.7913571122409
-210.113782561702,-613.345372786729,27.7415171081251
-210.173063956887,-614.388630593201,27.6895032972084
-210.230263016575,-615.425340249293,27.6378207178242
-210.285362961671,-616.455392015235,27.5864747277079
-210.33834701308,-617.478676151256,27.5354706790527
-210.389198391708,-618.495082917584,27.4848139182487
-210.43790031846,-619.504502574447,27.4345097856075
-210.48443601424,-620.506825382075,27.384563615071
-210.530845995449,-621.549146462812,27.3326287973091
-210.574840818672,-622.583432095999,27.2810988085125
-210.616401191845,-623.609556106378,27.2299797566641
-210.655507822904,-624.627392318688,27.1792777404028
-210.692141419787,-625.636814557668,27.1289988485257
-210.726282690429,-626.637696648058,27.0791491594583
-210.759290064819,-627.674805172473,27.0274990720868
-210.789530258484,-628.702297444882,26.9763316438538
-210.816981227234,-629.72002929038,26.9256537797151
-210.841620926877,-630.727856534063,26.8754723691659
-210.864310804602,-631.768786496196,26.8236458935649
-210.883890591637,-632.798611069336,26.772375252512
-210.900335241635,-633.817166443677,26.7216682129806
-210.913619708252,-634.824288809415,26.6715325185486
-210.924070252859,-635.861040501512,26.6199237101645
-210.931036292615,-636.885023689246,26.56895191944
-210.93448951812,-637.896053221562,26.5186258061703
-210.934324048267,-638.933583670488,26.4669808548395
-210.930296654847,-639.956694916574,26.4160532514443
-210.922375493635,-640.965178690065,26.3658526030078
-210.909994247068,-641.996744851105,26.3145008371351
-210.89334394952,-643.01207887547,26.2639539583446
-210.871529693399,-644.047623412499,26.2123964243687
-210.845046179376,-645.065200208389,26.1617275510739
-210.812652023138,-646.099899785395,26.1101982767869
-210.775162282554,-647.114757255629,26.0596474582396
-210.730970579393,-648.1434219743,26.008396586762
-210.681229606651,-649.150223354226,25.9582201062224
-210.623948822725,-650.167276277729,25.9075142330721
-210.558493076822,-651.191917826814,25.8564068877913
-210.486550953816,-652.190555287387,25.8065690828452
-210.40550421751,-653.192753524285,25.756519999905
-210.314651867226,-654.195515146117,25.7064012822291
-210.213261341636,-655.195684447593,25.6563608935272
-210.100567594733,-656.189941366192,25.6065530699592
-209.972272229218,-657.200886533171,25.5558278477582
-209.830522885191,-658.196598777741,25.5057647597702
-209.670380100202,-659.196912996718,25.455338270686
-209.490041081014,-660.193982740821,25.4049020540033
-209.294418660527,-661.179155962247,25.3549058583507
-209.092304344553,-662.17542634739,25.3043044890381
-208.886627659366,-663.169787896472,25.2537606157648
-208.677242282888,-664.162047669494,25.2032813963737
-208.464001893042,-665.152012726456,25.1528738764297
-208.24676016775,-666.139490127357,25.1025449829104
-208.025370784932,-667.124286932198,25.0523015176866
-207.799687422511,-668.106210200978,25.0021501507813
-207.569563758409,-669.085066993698,24.9520974133934
-207.334853470547,-670.060664370357,24.9021496906737
-207.095410236848,-671.032809390955,24.8523132142401
-206.846903777498,-672.017691831195,24.8017524046557
-206.593197360635,-672.998601441091,24.7513191264748
-206.334137097258,-673.975335302914,24.701019394085
-206.069569098367,-674.947690498936,24.650859022254
-205.799339474964,-675.915464111431,24.6008436163411
-205.523294338048,-676.87845322267,24.5509785621319
-205.23652810576,-677.852378199613,24.5004418723839
-204.943430120306,-678.820934891227,24.4500710785325
-204.643838669281,-679.783910063861,24.3998710728594
-204.337592040284,-680.741090483861,24.3498464648744
-204.024528520911,-681.692262917577,24.3000015679878
-203.699180761676,-682.652652111275,24.2495278248515
-203.366453920986,-683.606390545282,24.1992477287387
-203.026178202279,-684.55325432619,24.1491647777017
-202.678183808993,-685.493019560591,24.0992820909044
-202.316495320496,-686.440440517594,24.0488027895565
-201.94648369614,-687.380066019407,23.9985354943196
-201.567970790172,-688.311661163395,23.9484821626379
-201.18077845684,-689.234991046922,23.8986442699412
-200.778369664762,-690.164272068978,23.848236902964
-200.366633110829,-691.084534672886,23.7980533351958
-199.945382030793,-691.995532591679,23.7480934474765
-199.507618058396,-692.911028514069,23.6975811467154
-199.059651605517,-693.816455953074,23.647297388374
-198.601287015826,-694.711556916652,23.5972400397871
-198.132328632999,-695.596073412761,23.5474062383731
-197.645114765565,-696.483102547995,23.4970307828847
-197.146572085633,-697.358682959821,23.446877450304
-196.636495766943,-698.222544564744,23.3969407522822
-196.106683365374,-699.087230845331,23.3464624691397
-195.564559814627,-699.939279636574,23.2961931924121
-195.009910836381,-700.778408391508,23.2461242447492
-194.442522152316,-701.604334563166,23.1962459002364
-193.853418448813,-702.428798015623,23.1458069099391
-193.250747172572,-703.239075404511,23.0955406639153
-192.634284306806,-704.034871341742,23.0454335005856
-192.003805834729,-704.815890439229,22.9954705318126
-191.359087739553,-705.581837308884,22.9456356208457
-190.690103118716,-706.343338353842,22.8951808863687
-190.005992282937,-707.088707858231,22.8448205503809
-189.306521186285,-707.817637209551,22.794533711856
-188.591455782827,-708.529817795303,22.7442980953414
-187.86056202663,-709.224941002988,22.6940900516061
-187.113605871763,-709.902698220106,22.643884564575
-186.350353272292,-710.562780834157,22.5936552649023
-185.570570182285,-711.204880232644,22.5433744504617
-184.774022555809,-711.828687803065,22.4930131139407
-183.960476346933,-712.433894932923,22.4425409776223
-183.14186195327,-713.011832431064,22.3926612094946
-182.306286791421,-713.571109604893,22.3426119550472
-181.453526844597,-714.111431066322,22.2923608761723
-180.583358096014,-714.632501427263,22.2418746313868
-179.708741254713,-715.12679297535,22.1918674264135
-178.816792115528,-715.601826157436,22.1415650209376
-177.921000995571,-716.050665060047,22.0916912931973
-177.00797834275,-716.480271923965,22.0414642421078
-176.09174829792,-716.884309795514,21.9916196849604
-175.158410609324,-717.269174049161,21.9413663151837
-174.222526901525,-717.629133119177,21.8914540814865
-173.269681443161,-717.970007608775,21.8410807939884
-172.314976455311,-718.286677046837,21.791012623505
-171.343476511332,-718.584380104415,21.7404349009682
-170.370827003013,-718.858612401453,21.6901319874662
-169.397657589209,-719.110055207324,21.6400999297388
-168.408249549284,-719.343066544972,21.5895030244345
-167.419062920091,-719.554070430405,21.5391567248767
-166.430740947236,-719.743770854834,21.489063188116
-165.439144225718,-719.910341512553,21.4390131159905
-164.441004735067,-720.03953305587,21.4571293190632
-163.436127256352,-720.131288490891,21.5580351071572
-162.436513474077,-720.186936915329,21.6581512627394
-161.433606327353,-720.209232840116,21.7584667577146
-160.428847992454,-720.19977730853,21.8589470402891
-159.423612528195,-720.160124373133,21.9595487646228
-158.41920754383,-720.091782048017,22.0602215040322
-157.416875849395,-719.996213251029,22.1609092500903
-156.417797088496,-719.874836735968,22.2615517177115
-155.423089353531,-719.729028014763,22.3620854762794
-154.433810783368,-719.560120269623,22.4624449260463
-153.450961143459,-719.369405255165,22.5625631377467
-152.46425207601,-719.155576172705,22.6635244006297
-151.485742838712,-718.921901356032,22.7641267985844
-150.516294237277,-718.669577022661,22.8643015538891
-149.54541903922,-718.3964672689,22.9651572720117
-148.585159982229,-718.106524957292,23.0654649985632
-147.62495338097,-717.797103394551,23.1663480209501
-146.676798263282,-717.472586827898,23.2665632458028
-145.730090100444,-717.129843505284,23.2989041254707
-144.785522626143,-716.769269497115,23.2548645347873
-143.854981307174,-716.395861974733,23.2111900937034
-142.927876577159,-716.005814568963,23.1673785931382
-142.004877687369,-715.599509372571,23.1234513851294
-141.086653889073,-715.177328478324,23.0794301012617
-140.184836734902,-714.74501786929,23.0358681838246
-139.288978876545,-714.297953193921,22.9922570451105
-138.399725665738,-713.836502900125,22.9486180821875
-137.517722454219,-713.36103543581,22.9049727865753
-136.643614593725,-712.871919248883,22.8613427038125
-135.778047435995,-712.369522787254,22.8177493933196
-134.911282027946,-711.847852085894,22.7736839336503
-134.054597341936,-711.313334807641,22.7297004708893
-133.208662629233,-710.766353045261,22.6858211522125
-132.374147141108,-710.207288891518,22.6420679665784
-131.551720128829,-709.636524439179,22.5984626987997
-130.73237630829,-709.047361295856,22.554504691483
-129.926793215564,-708.447001646321,22.5107422485556
-129.126336251344,-707.82850239192,22.4666800164243
-128.341398757022,-707.199354402655,22.4228621523554
-127.563755530211,-706.552386574881,22.3787994104144
-126.803479379185,-705.895363117749,22.3350303818904
-126.05279441851,-705.220902313531,22.291072638276
-125.321415405082,-704.537025690855,22.2474577067001
-124.602056912409,-703.836159006457,22.2037105507969
-123.896230581012,-703.118452432698,22.1598636965444
-123.205511324611,-702.384084165532,22.1159499022805
-122.531538892683,-701.633261316607,22.0720019036107
-121.876019450579,-700.866220815397,22.028052111611
-121.240727177191,-700.083230321352,21.9841322572337
-120.627505880187,-699.284589146072,21.9402729738912
-120.03827062879,-698.47062918551,21.896503309235
-119.475009404125,-697.641715862193,21.852850156212
-118.934448174981,-696.789524676755,21.8088921758008
-118.424809658074,-695.923110077888,21.7651078473447
-117.948356617038,-695.042961965698,21.8651912225727
-117.499516418973,-694.144921795286,21.9655871224428
-117.071700146566,-693.226668961624,22.0668893943554
-116.665685932406,-692.290672500743,22.1689157104155
-116.289452811839,-691.358619363398,22.2694281181992
-115.933428850643,-690.41019340089,22.3707328499399
-115.597300271986,-689.445686772569,22.4728727274346
-115.287732384082,-688.487844271458,22.5735352593994
-114.996573277864,-687.515195456741,22.6750645331043
-114.729676369809,-686.551133773074,22.775096972315
-114.47978967036,-685.573460689689,22.8760072304921
-114.246640275004,-684.582430309494,22.9778158674059
-114.034925196986,-683.602355008745,23.0780840512628
-113.838645961309,-682.610029429009,23.1792391596142
-113.657548696198,-681.605689951702,23.2812927732252
-113.495256815736,-680.614494572601,23.3817321546459
-113.346937969435,-679.612308687718,23.4830423233372
-113.212356412116,-678.599351800696,23.585228127172
-113.094140740361,-677.601557960032,23.6857053630772
-112.988541471056,-676.593937050123,23.7870192862943
-112.895340101571,-675.57669251998,23.8891698090232
-112.816245269705,-674.576468556696,23.9895044475663
-112.748511136029,-673.567489511422,24.0906294507389
-112.691935578522,-672.549943581095,24.1925412024671
-112.64631647516,-671.524018962654,24.2952350399315
-112.612233120958,-670.517220755871,24.3959725356426
-112.588158947738,-669.502831191152,24.497440055314
-112.573907374243,-668.481023995343,24.5996307130452
-112.569291480224,-667.479878829861,24.6997462936931
-112.5736259193,-666.472036049298,24.8005315038033
-112.586738833237,-665.457655671811,24.901978016742
-112.608458363799,-664.436897715558,25.0040769169938
-112.63861265275,-663.409922198694,25.1068187289975
-112.67585264865,-662.405664877168,25.2073134843398
-112.720744939538,-661.395828919589,25.3083968152605
-112.773131594562,-660.380561376248,25.4100586343562
-112.832854682869,-659.360009297439,25.5122884437485
-112.899756273609,-658.334319733456,25.6150753546131
-112.971470386063,-657.333155648542,25.7154482811843
-113.049664848649,-656.327417025305,25.8163256598304
-113.134194884359,-655.317238666419,25.9176965453793
-113.224915716185,-654.302755374562,26.0195497053099
-113.321682567119,-653.284101952407,26.1218736330055
-113.424350660153,-652.261413202632,26.2246565603936
-113.529505453986,-651.26507213983,26.324844036861
-113.639950702357,-650.265179875296,26.4254413874008
-113.755554030666,-649.261859663755,26.5264372079283
-113.87618306431,-648.255234759935,26.6278199017546
-114.001705428688,-647.24542841856,26.7295776882401
-114.131988749199,-646.232563894357,26.8316986110714
-114.266900651242,-645.216764442051,26.9341705461862
-114.406308760214,-644.198153316369,27.0369812093593
-114.545661137899,-643.207840553364,27.1369881318067
-114.688996178887,-642.215112223333,27.2372903985417
-114.836193181647,-641.220080712144,27.3378764147607
-114.987131444646,-640.222858405662,27.4387344678741
-115.141690266353,-639.223557689753,27.5398527328011
-115.299748945237,-638.222290950283,27.641219277062
-115.461186779767,-637.219170573117,27.7428220656803
-115.62588306841,-636.214308944123,27.8446489659041
-115.793717109636,-635.207818449165,27.9466877517571
-115.964568201913,-634.199811474108,28.0489261084289
-116.138315643708,-633.190400404821,28.151351636513
-116.314838733492,-632.179697627168,28.2539518561026
-116.494016769732,-631.167815527014,28.3567142107507
-116.675729050896,-630.154866490227,28.459626071304
-116.859854875454,-629.140962902671,28.5626747396179
-117.046273541874,-628.126217150213,28.6172259146169
-117.228939205821,-627.142485159156,28.5690635351774
-117.413533636861,-626.158170463094,28.520856551059
-117.599947099297,-625.173375237544,28.4726106236807
-117.788069857432,-624.188201658023,28.4243314365706
-117.977792175569,-623.202751900047,28.3760246940715
-118.16900431801,-622.217128139133,28.3276961200743
-118.361596549059,-621.231432550797,28.2793514567789
-118.555459133017,-620.245767310557,28.2309964634789
-118.750482334189,-619.260234593928,28.1826369153698
-118.946556416876,-618.274936576428,28.1342786023758
-119.143571645382,-617.289975433574,28.0859273279965
-119.34141828401,-616.305453340881,28.0375889081683
-119.539986597061,-615.321472473867,27.9892691701409
-119.73916684884,-614.338135008049,27.9409739513653
-119.938849303649,-613.355543118942,27.8927090983923
-120.13892422579,-612.373798982064,27.8444804657794
-120.339281879567,-611.393004772932,27.7962939150034
-120.539812529282,-610.413262667061,27.7481553133777
-120.746877026105,-609.403127861063,27.6985203733807
-120.953888228771,-608.394335390431,27.6489492459151
-121.160725435749,-607.386997641031,27.5994483968419
-121.367267945507,-606.381226998729,27.5500242936568
-121.573395056514,-605.377135849389,27.5006834042113
-121.778986067237,-604.374836578879,27.4514321954239
-121.983920276146,-603.374441573064,27.4022771319798
-122.188076981709,-602.376063217811,27.3532246750155
-122.391335482395,-601.379813898984,27.3042812807858
-122.593575076671,-600.38580600245,27.2554533993103
-122.794675063007,-599.394151914075,27.2067474729964
-122.994514739871,-598.404964019725,27.1581699352364
-123.192973405731,-597.418354705265,27.1097272089739
-123.389930359057,-596.434436356561,27.0614257052383
-123.585264898316,-595.45332135948,27.0132718216423
-123.784876649796,-594.444601581256,26.9637744957433
-123.982502264091,-593.439105876239,26.914447929612
-124.178009366598,-592.436957499156,26.865299084097
-124.371265582718,-591.438279704731,26.8163348974585
-124.562138537847,-590.443195747692,26.7675622833312
-124.750495857386,-589.451828882764,26.718988128613
-124.936205166732,-588.464302364673,26.6706192912744
-125.119134091284,-587.480739448145,26.6224625980808
-125.304558423166,-586.471647395823,26.5730756727996
-125.486746013063,-585.467028443577,26.5239285442946
-125.665552083965,-584.467017394085,26.4750285585446
-125.840831858867,-583.471749050021,26.4263830147742
-126.012440560758,-582.48135821406,26.3779991621659
-126.185109248,-581.46707522643,26.3284731952251
-126.353576391698,-580.458250777591,26.2792399505995
-126.517684061,-579.455031917837,26.2303071459182
-126.677274325054,-578.457565697461,26.1816824256007
-126.832189253009,-577.465999166755,26.1333733559425
-126.986486372857,-576.452411978834,26.0840212168081
-127.13549823531,-575.445382013146,26.0350189843327
-127.279052982134,-574.445069287847,25.9863745971356
-127.416978755092,-573.451633821094,25.9380958805651
-127.552689369912,-572.437937680229,25.8888652411974
-127.682085826972,-571.431848932727,25.8400372301944
-127.804981545014,-570.433541305432,25.7916199162966
-127.924236149012,-569.416534266243,25.7423298278079
-128.036234949118,-568.408106073475,25.6934896430845
-128.14077582331,-567.408444924066,25.6451075228248
-128.240100858916,-566.391790456358,25.5959368221089
-128.331138878796,-565.384772208084,25.5472652878895
-128.413671380321,-564.387593628252,25.4991009514152
-128.489255731738,-563.375280865905,25.4502366016328
-128.555427195586,-562.373752359291,25.4019218919653
-128.61323743553,-561.358607377402,25.3529776779043
-128.660656708921,-560.355259601625,25.3046265977654
-128.69819295998,-559.339919341585,25.2557187681362
-128.72428587535,-558.337460934838,25.2074480635385
-128.738859808453,-557.324745380909,25.1586949165969
-128.740754640086,-556.303015724751,25.1095128296328
-128.729170409306,-555.296280533705,25.0610493930857
-128.70305382993,-554.282478994141,25.0122328286649
-128.665417782545,-553.280821047101,24.9639829752981
-128.622405327287,-552.279648949744,24.9157460771316
-128.574279877747,-551.273761358969,24.8672712637838
-128.521474266554,-550.266875823118,24.8187371909971
-128.464422014457,-549.262458859665,24.7703106196984
-128.403556226275,-548.263738496173,24.7221469982367
-128.33824664295,-547.257831126751,24.6736246697199
-128.268675227644,-546.246561255173,24.6248311004288
-128.196255439422,-545.248184665333,24.5766469546929
-128.120109740486,-544.248410884243,24.5283824407138
-128.040425586071,-543.248758816485,24.4801105331229
-127.957391988039,-542.250668881226,24.4319004832074
-127.869646207352,-541.237923719092,24.3829683254145
-127.778771865738,-540.22893381947,24.3342029758343
-127.684963029199,-539.224960584054,24.2856651927316
-127.588414577933,-538.227195362465,24.2374124118621
-127.487446489274,-537.218322688019,24.1886066946096
-127.383971447338,-536.217474147449,24.1401730307309
-127.276151258783,-535.206881208082,24.0912510265188
-127.166061966223,-534.205988522436,24.0427814734118
-127.051706814499,-533.196619470614,23.9938836372034
-126.93532507744,-532.19849268095,23.945512279553
-126.814761222933,-531.193066425808,23.896768344043
-126.692417462338,-530.2002961096,23.8486188231156
-126.56597944426,-529.201315913504,23.8001482617183
-126.435411793481,-528.196527666233,23.7513751067961
-126.300679134784,-527.186333196502,23.7023177739388
-126.16451086747,-526.191085744172,23.6539642033198
-126.024271988161,-525.191406876977,23.6053724488538
-125.879929161999,-524.187675247088,23.5565597672465
-125.731449054128,-523.180269506678,23.507543380091
-125.581892431831,-522.189812178264,23.4593262462108
-125.428298974882,-521.196546276048,23.410946116002
-125.270637308782,-520.200828184423,23.3624190902365
-125.108876059028,-519.203014287787,23.3137612304778
-124.94298385112,-518.203460970533,23.264988557153
-124.772929310557,-517.202524617057,23.2161170475163
-124.598681062839,-516.200561611755,23.1671626334948
-124.420207733464,-515.197928339021,23.1181411994089
-124.237477947932,-514.194981183252,23.0690685795569
-124.050460331741,-513.192076528842,23.0199605556557
-123.859123510392,-512.189570760186,22.9708328541245
-123.663436109382,-511.18782026168,22.9217011432018
-123.463366754212,-510.187181417719,22.8725810298818
-123.25888407038,-509.188010612699,22.8234880566571
-123.049956683386,-508.190664231014,22.774437698053
-122.836553218728,-507.19549865706,22.725445356937
-122.618642301907,-506.202870275233,22.6765263605856
-122.39619255842,-505.213135469927,22.6276959564903
-122.169172613767,-504.226650625537,22.5789693078823
-121.937551093448,-503.24377212646,22.5303614889518
-121.701296622961,-502.26485635709,22.4818874797392
-121.460377827806,-501.290259701822,22.4335621606705
-121.214763333481,-500.320338545052,22.3854003067081
-120.959263314042,-499.335812546062,22.3364392812611
-120.6988079755,-498.356904560857,22.2876791808453
-120.433363982997,-497.383993241609,22.2391353212943
-120.162898001677,-496.417457240491,22.1908228734672
-119.881814477337,-495.438551060139,22.1417981533115
-119.595436019028,-494.467073539203,22.0930455766374
-119.303727251534,-493.503426506398,22.0445807136856
-119.006652799638,-492.548011790438,21.9964189323872
-118.698192167854,-491.582755907469,21.9476405626943
-118.384079096477,-490.626902015749,21.899208841204
-118.058070020071,-489.662782366549,21.8502185560882
-117.726110356556,-488.709323253233,21.8016206812601
-117.388160403583,-487.766975656596,21.7534310364344
-117.037632054307,-486.818742629848,21.704768016812
-116.680802027376,-485.882989530153,21.6565607681712
-116.310842799763,-484.943229751914,21.6079453324035
-115.927349818198,-484.000714435195,21.5589646642737
-115.536941733458,-483.073188042051,21.5105233753338
-115.132412262807,-482.145041045175,21.4617869666624
-114.720620608264,-481.233535207985,21.4136409501093
-114.294099136355,-480.323698892782,21.3652714872652
-113.852402875228,-479.417059945285,21.3167258898388
-113.395074578895,-478.515224830102,21.2680524020779
-112.921644491215,-477.619881311582,21.2192999473349
-112.431630105888,-476.732801180116,21.170517816176
-111.924535922442,-475.855843023866,21.1217552853705
-111.399853198222,-474.990955045942,21.0730611552076
-110.857059696378,-474.140177927007,21.0244831904291
-110.295619429855,-473.305647733332,20.9760674476622
-109.714982401377,-472.489598870276,20.9278574696364
-109.105671146735,-471.682925249756,20.8791952466527
-108.475680243274,-470.900551416728,20.8308431600104
-107.815143080069,-470.134731169621,20.7821617170165
-107.132341113748,-469.399704398354,20.7338699159011
-106.416996119557,-468.689218385629,20.6853381843985
-105.672243335106,-468.010974446755,20.786069090806
-104.913103933855,-467.359290906184,20.8861182820862
-104.137128224865,-466.722903971143,20.986473981079
-103.344831946677,-466.101952904516,21.0871374610296
-102.536730837835,-465.496576969184,21.1881081213816
-101.723472011758,-464.914011215693,21.2881467526863
-100.895791823673,-464.346913145314,21.3884789367139
-100.054187372808,-463.795416987829,21.4890993155363
-99.1991557583907,-463.259656973017,21.5900011418392
-98.3311940796473,-462.73976733066,21.6911763718116
-97.4617422967424,-462.242004977139,21.7913618878995
-96.5806415550588,-461.759983809273,21.8917950957177
-95.6883707691035,-461.293833146494,21.9924650314422
-94.7854088533834,-460.843682308233,22.0933598280588
-93.8722347224055,-460.409660613919,22.1944667924392
-92.9609217480709,-459.997018549397,22.2945050256604
-92.0405784634447,-459.600355557372,22.3947234516508
-91.1116660472955,-459.219796168163,22.4951078989318
-90.1746456783919,-458.855464912087,22.5956436853909
-89.2299785355029,-458.507486319462,22.6963156830754
-88.2781257973969,-458.175984920607,22.7971083818429
-87.3195486428428,-457.861085245839,22.898005952002
-86.3547082506092,-457.562911825477,22.9989923060849
-85.384065799465,-457.281589189838,23.1000511598923
-84.4080824681786,-457.01724186924,23.2011660929564
-83.427219435519,-456.769994394003,23.3023206085674
-82.4419378802547,-456.539971294443,23.4034981935097
-81.4526989811546,-456.327297100878,23.5046823776543
-80.4599639169873,-456.132096343627,23.6058567935537
-79.4641938665215,-455.954493553008,23.6273560203685
-78.4658500085258,-455.794613259339,23.5792228870828
-77.4653935217691,-455.652579992937,23.5311172014872
-76.4632855850201,-455.528518284122,23.483046273876
-75.4599873770474,-455.42255266321,23.4350172214132
-74.4559600766198,-455.33480766052,23.3870369383469
-73.451664862506,-455.26540780637,23.3391120657689
-72.4475629134746,-455.214477631078,23.2912489608621
-71.4441154082944,-455.182141664961,23.2434536655859
-70.4417835257341,-455.168524438339,23.1957318747493
-69.4410284445624,-455.173750481529,23.1480889034307
-68.4296843998151,-455.198372680474,23.0999282127817
-67.4209091707134,-455.242575235676,23.0518579993423
-66.4151816717643,-455.306487466566,23.0038823793457
-65.4129808174748,-455.390238692574,22.9560049241783
-64.4147855223516,-455.493958233132,22.9082286217701
-63.4210747009018,-455.617775407669,22.8605558371888
-62.4200013667054,-455.763748634883,22.8123943706941
-61.4245133801507,-455.930591879585,22.7643418012325
-60.4351078404652,-456.118439371556,22.7163983759981
-59.4522818468763,-456.327425340576,22.6685635133676
-58.4765324986115,-456.557684016425,22.6208357576057
-57.5083568948983,-456.809349628885,22.5732127332456
-56.5364515085798,-457.086064505359,22.525105055499
-55.5733332148005,-457.384994974971,22.4770967636981
-54.619517752103,-457.706280300604,22.4291822255591
-53.67552085903,-458.050059745142,22.3813546510412
-52.7418582741242,-458.416472571467,22.3336060458716
-51.8190457359282,-458.805658042461,22.285927166519
-50.9075989829848,-459.217755421007,22.238307477061
-49.9971389130006,-459.65835350613,22.1901552298568
-49.0993867651717,-460.122712833803,22.14203772352
-48.2148773775631,-460.610977824278,22.0939397431127
-47.345519994564,-461.122459871952,22.0459210697583
-46.4856377075632,-461.664282881145,21.9975362743233
-45.6547476290335,-462.227439917839,21.9497511356773
-44.834929891386,-462.824837359359,21.9014597576095
-44.0445361798689,-463.443868744092,21.8536651839458
-43.2668923900625,-464.098355393187,21.8052777440427
-42.5190365270779,-464.774723946874,21.7711135163026
-41.8004989394798,-465.472619191876,21.761866817815
-41.096445734692,-466.207212627262,21.7777328516301
-40.4219815429249,-466.963509666538,21.8188625395
-39.7766060926444,-467.741131937405,21.8849015489738
-39.1598191123155,-468.539701067569,21.9754415410547
-38.5711203304037,-469.358838684732,22.0763153578595
-38.0100094753744,-470.198166416598,22.1772765599676
-37.4759862756929,-471.057305890871,22.2784349216611
-36.9685504598246,-471.935878735254,22.3798933540417
-36.487201756235,-472.833506577451,22.4817477755233
-36.0406773216032,-473.730533419703,22.5819496331131
-35.6182150633154,-474.645111587638,22.6826932475479
-35.2193453299361,-475.576885867977,22.7840490748943
-34.84359847003,-476.525501047441,22.8860812493022
-34.4977848238253,-477.469898643045,22.9866533078714
-34.1732303807453,-478.429754849835,23.0879775164414
-33.8694948338046,-479.404736648732,23.1900972888
-33.5920842061779,-480.37283922812,23.290803756345
-33.333763561761,-481.354786446843,23.392339459213
-33.0992461200549,-482.3279999652,23.4924465510085
-32.8822002144345,-483.313860132715,23.5933935269434
-32.682240508434,-484.312075506376,23.6951981347093
-32.5029639904434,-485.299261914324,23.7955314329677
-32.3392781758292,-486.297697943725,23.8967078902446
-32.190823408478,-487.307111574484,23.9987350775974
-32.060180412265,-488.303387531061,24.0992155918334
-31.9433900146828,-489.309623444943,24.2005146891321
-31.8401170728867,-490.325565836252,24.3026324761707
-31.752020828814,-491.326439133388,24.4031067666703
-31.6761748719447,-492.336084842336,24.5043558193458
-31.6122674327618,-493.354267161254,24.6063744154615
-31.5611259919566,-494.355617201637,24.7066399304875
-31.5207615484499,-495.36464910525,24.8076238237977
-31.4908845932515,-496.381143906645,24.9093172018375
-31.4712056173717,-497.404882640372,25.0117099875709
-31.4615609378343,-498.409793388538,25.1122056905449
-31.4610671637814,-499.421179295668,25.2133442933113
-31.4694559610917,-500.438837411581,25.3151135623862
-31.4864589956436,-501.462564786099,25.41750041899
-31.511055911353,-502.465687018845,25.5178427939914
-31.5433280044962,-503.47419084506,25.6187447987032
-31.5830270573031,-504.487888529242,25.7201922732755
-31.6299048520033,-505.50659233589,25.8221704559086
-31.6837131708267,-506.5301145295,25.9246640174619
-31.7425284183348,-507.531152976908,26.0249404955875
-31.8074497667026,-508.536408263213,26.1256754434515
-31.8782480831354,-509.545707087524,26.2268533322596
-31.9546942348382,-510.558876148953,26.3284582318043
-32.0365590890161,-511.575742146612,26.430473834118
-32.1236135128747,-512.59613177961,26.5328834760392
-32.2130782455876,-513.592160546688,26.6328873381269
-32.3070278548107,-514.59120137053,26.733232198323
-32.4052512884902,-515.593094625324,26.8339018529825
-32.5075374945724,-516.597680685258,26.9348798515648
-32.6136754210037,-517.604799924519,27.0361495124468
-32.7234540157304,-518.614292717294,27.1376939381197
-32.8366622266988,-519.625999437771,27.2394960298118
-32.9530890018554,-520.639760460137,27.3415385015793
-33.0725232891463,-521.65541615858,27.4438038939054
-33.1947540365179,-522.672806907286,27.5462745868452
-33.3195701919167,-523.691773080445,27.6489328127548
-33.4467607032888,-524.712155052243,27.751760668638
-33.5724940192801,-525.705398814309,27.8518777020356
-33.7000781764507,-526.699683241347,27.9521213671228
-33.8293192263952,-527.694861643613,28.0524749072361
-33.9600232207081,-528.690787331363,28.1529214855575
-34.0919962109842,-529.687313614851,28.253444194626
-34.2250442488181,-530.684293804334,28.354026065686
-34.3589733858042,-531.681581210067,28.4546500778982
-34.4935896735375,-532.679029142306,28.5552991674346
-34.6286991636122,-533.676490911307,28.6559562364822
-34.7641079076233,-534.673819827325,28.7566041621777
-34.8996219571653,-535.670869200615,28.8572258054957
-35.0350473638327,-536.667492341434,28.9578040201144
-35.1701901792203,-537.663542560038,29.058321661279
-35.3048564549226,-538.65887316668,29.1587615946886
-35.4388522425344,-539.653337471619,29.2591067054261
-35.5719835936501,-540.646788785108,29.3593399069575
-35.7040565598645,-541.639080417404,29.4102084108905
-35.8385945964644,-542.658358890229,29.360556743829
-35.9715966634879,-543.67609565011,29.3109885572487
-36.102851708881,-544.692131071236,29.2615127208417
-36.2321486805903,-545.706305527793,29.2121380633346
-36.3592765265621,-546.718459393969,29.1628733669681
-36.4840241947425,-547.728433043951,29.1137273618369
-36.6061806330781,-548.736066851928,29.0647087200723
-36.7255347895152,-549.741201192085,29.0158260498517
-36.8418756119999,-550.743676438612,28.9670878892159
-36.9549920484788,-551.743332965694,28.9185026996768
-37.0646730468981,-552.740011147521,28.8700788595948
-37.1735988693278,-553.761103363726,28.8204867649394
-37.2784436724155,-554.778707554974,28.7710827543158
-37.3789783233665,-555.792650420374,28.7218756021046
-37.474973689386,-556.802758659039,28.672873956819
-37.5662006376791,-557.808858970077,28.6240863317916
-37.6524300354512,-558.810778052602,28.5755210954255
-37.7334327499072,-559.808342605722,28.5271864609767
-37.8109435877434,-560.828153693167,28.4777939738009
-37.8824514974632,-561.843001159833,28.4286617327058
-37.9477082612963,-562.85269727022,28.3797980501227
-38.0064656614724,-563.857054288824,28.331211013606
-38.0584754802213,-564.855884480144,28.2829084707899
-38.1045773428263,-565.87505584776,28.233638597388
-38.1430420274184,-566.888004978495,28.1846842922697
-38.1736011998759,-567.894528922168,28.1360531412172
-38.1959865260776,-568.8944247286,28.0877523860785
-38.2101737977547,-569.912861019998,28.0385635703238
-38.2151908973229,-570.923892455169,27.9897365332385
-38.2107483157924,-571.927300068664,27.9412778048303
-38.1960743345842,-572.947651636273,27.8919961698886
-38.1708458410219,-573.95952757382,27.8431137636712
-38.1347510655884,-574.962692079463,27.7946359008739
-38.0861829722697,-575.981044791433,27.7453999927754
-38.0255497642749,-576.989755016789,27.6965977294361
-37.9525162987595,-577.988569275654,27.6482325284756
-37.8645473396952,-579.000647938809,27.5991712343055
-37.7628696569011,-580.001816074877,27.5505724258586
-37.6442615491891,-581.01468934806,27.5013228051325
-37.5105377732773,-582.015562464687,27.5255109198755
-37.3598254803856,-583.019621817659,27.6270416728284
-37.1934300895586,-584.039025560605,27.7303311406953
-37.0142487975895,-585.057183003436,27.8337115311851
-36.8223724992755,-586.074035512615,27.9371912653981
-36.6251519654225,-587.054530933123,28.0372046249363
-36.4162633944401,-588.033702429443,28.1373251150615
-36.1957885987272,-589.011497226823,28.237559430609
-35.9638093906824,-589.987862550512,28.337913981989
-35.7204075827046,-590.962745625759,28.4383948981139
-35.4656649871925,-591.936093677811,28.5390080294836
-35.1996634165448,-592.907853931919,28.6397589514174
-34.9224846831604,-593.87797361333,28.7406529674194
-34.634210599438,-594.846399947293,28.8416951126688
-34.3349229777763,-595.813080159057,28.9428901576213
-34.024703630574,-596.77796147387,29.0442426117137
-33.7036343702301,-597.740991116981,29.1457567271582
-33.3717970091432,-598.702116313639,29.24743650282
-33.029273359712,-599.661284289092,29.3492856881655
-32.6761452343354,-600.618442268589,29.4513077872738
-32.312494445412,-601.573537477378,29.553506062902
-31.9384028053407,-602.526517140709,29.6558835405957
-31.5539521265203,-603.477328483829,29.7584430128375
-31.1592242213493,-604.425918731987,29.8611870432248
-30.7543009022267,-605.372235110433,29.9641179706705
-30.3392639815512,-606.316224844414,30.0672379136198
-29.9141952717216,-607.25783515918,30.1705487742758
-29.4791765851364,-608.197013279979,30.2740522428295
-29.0342897341948,-609.133706432059,30.3777498016867
-28.5960224525572,-610.034543440907,30.4779289176074
-28.1487287176252,-610.932973416905,30.5782906686424
-27.6924818855142,-611.828949040199,30.6788358569583
-27.2273553123395,-612.722422990934,30.7795651193261
-26.7534223542165,-613.613347949257,30.880478930579
-26.2707563672605,-614.501676595314,30.9815776070476
-25.779430707587,-615.387361609252,31.08286130997
-25.2795187313113,-616.270355671216,31.1843300488745
-24.7710937945489,-617.150611461352,31.2859836849329
-24.2542292534149,-618.028081659807,31.3878219342825
-23.728998464025,-618.902718946727,31.4898443713145
-23.1954747824944,-619.774476002259,31.5920504319285
-22.6537315649385,-620.643305506547,31.6944394167506
-22.1038421674728,-621.509160139739,31.7970104943146
-21.5458799462124,-622.371992581981,31.8997627042051
-20.9799182572729,-623.231755513418,32.0026949601612
-20.4060304567696,-624.088401614198,32.1058060531409
-19.8242899008179,-624.941883564465,32.2090946543451
-19.2347699455332,-625.792154044367,32.222222
-18.637543947031,-626.63916573405,32.222222
-18.0326852614263,-627.482871313659,32.222222
-17.4430833405427,-628.292159662324,32.222222
-16.846537173249,-629.098296128817,32.222222
-16.2431122631313,-629.901238458719,32.222222
-15.6328741137757,-630.700944397609,32.222222
-15.015888228768,-631.497371691067,32.222222
-14.3922201116944,-632.290478084674,32.222222
-13.761935266141,-633.080221324008,32.222222
-13.1250991956937,-633.86655915465,32.222222
-12.4817774039387,-634.649449322181,32.222222
-11.8320353944618,-635.428849572178,32.222222
-11.1759386708492,-636.204717650224,32.222222
-10.5135527366869,-636.977011301897,32.222222
-9.8449430955608,-637.745688272778,32.222222
-9.17017525105717,-638.510706308445,32.222222
-8.48931470676188,-639.27202315448,32.222222
-7.80242696626103,-640.029596556463,32.222222
-7.10957753314062,-640.783384259972,32.222222
-6.41083191098664,-641.533344010588,32.222222
-5.70625560338515,-642.279433553891,32.222222
-4.99591411392222,-643.02161063546,32.222222
-4.27987294618398,-643.759833000876,32.222222
-3.55819760375624,-644.494058395719,32.222222
-2.83095359022513,-645.224244565568,32.222222
-2.09820640917669,-645.950349256004,32.222222
-1.36002156419701,-646.672330212605,32.222222
-0.616464558871996,-647.390145180953,32.222222
0.132399103212208,-648.103751906627,32.222222
0.886503918469628,-648.813108135206,32.222222
1.64578438331415,-649.518171612272,32.222222
2.41017499415988,-650.218900083403,32.222222
3.17961024742069,-650.91525129418,32.222222
3.95402463951069,-651.607182990182,32.222222
4.73335266684358,-652.29465291699,32.222222
5.51752882583349,-652.977618820183,32.222222
6.27605539995266,-653.630029959498,32.222222
7.03894555011993,-654.278200245184,32.222222
7.80614104388587,-654.922092113216,32.222222
8.57758364880095,-655.561667999568,32.222222
9.35321513241581,-656.196890340214,32.222222
10.1329772622808,-656.827721571129,32.222222
10.9168118059467,-657.454124128287,32.222222
11.7046605309639,-658.076060447662,32.222222
12.4964652048829,-658.69349296523,32.222222
13.2921675952544,-659.306384116964,32.222222
14.0917094696288,-659.914696338839,32.222222
14.8950325955568,-660.518392066829,32.222222
15.7020787405887,-661.117433736908,32.222222
16.5127896722752,-661.711783785051,32.222222
17.3271071581668,-662.301404647233,32.222222
18.144972965814,-662.886258759427,32.222222
18.9663288627674,-663.466308557609,32.222222
19.7911166165775,-664.041516477752,32.222222
20.6192779947948,-664.611844955831,32.222222
21.4507547649699,-665.17725642782,32.222222
22.2854886946534,-665.737713329694,32.222222
23.1234215513957,-666.293178097427,32.222222
23.9644951027474,-666.843613166993,32.222222
24.808651116259,-667.388980974367,32.222222
25.6558313594811,-667.929243955524,32.222222
26.5059775999642,-668.464364546437,32.222222
27.3590316052589,-668.994305183081,32.222222
28.2149351429156,-669.519028301431,32.222222
29.0736299804849,-670.03849633746,32.222222
29.9350578855174,-670.552671727144,32.222222
30.7991606255636,-671.061516906456,32.222222
31.665879968174,-671.564994311371,32.222222
32.5351576808992,-672.063066377864,32.222222
33.4069355312897,-672.555695541908,32.222222
34.281155286896,-673.042844239478,32.222222
35.1577587152687,-673.524474906549,32.222222
36.0718922842248,-674.019476894326,32.222222
36.9884755458415,-674.508427696643,32.222222
37.9074429965331,-674.991285059083,32.222222
38.8287291327133,-675.468006727224,32.222222
39.7522684507961,-675.938550446646,32.222222
40.6779954471956,-676.402873962929,32.222222
41.6058446183255,-676.860935021653,32.222222
42.5357504606001,-677.312691368399,32.222222
43.4676474704332,-677.758100748745,32.222222
44.4014701442388,-678.197120908272,32.222222
45.3371529784308,-678.62970959256,32.222222
46.2746304694233,-679.055824547189,32.222222
47.2138371136302,-679.475423517737,32.222222
48.1547074074654,-679.888464249787,32.222222
49.0971758473428,-680.294904488916,32.222222
50.0411769296767,-680.694701980706,32.222222
50.9866451508808,-681.087814470736,32.222222
51.9335150073691,-681.474199704586,32.222222
52.8817209955556,-681.853815427836,32.222222
53.8311976118543,-682.226619386066,32.222222
54.7818793526791,-682.592569324855,32.222222
55.733700714444,-682.951622989784,32.222222
56.6865961935629,-683.303738126433,32.222222
57.6405002864499,-683.648872480381,32.222222
58.5953474895189,-683.986983797208,32.222222
59.551072299184,-684.318029822494,32.222222
60.5076092118588,-684.64196830182,32.222222
61.4648927239577,-684.958756980764,32.222222
62.4228573318944,-685.268353604908,32.222222
63.3814375320829,-685.57071591983,32.222222
64.3405678209372,-685.865801671111,32.222222
65.3001826948713,-686.15356860433,32.222222
66.2602166502991,-686.433974465068,32.222222
67.2575483379233,-686.717328675478,32.222222
68.2551879686845,-686.99265180078,32.222222
69.2530621864676,-687.259896521121,32.222222
70.251097635157,-687.519015516648,32.222222
71.2492209586375,-687.769961467506,32.222222
72.2473588007936,-688.012687053841,32.222222
73.2454378055101,-688.2471449558,32.222222
74.2433846166715,-688.473287853529,32.222222
75.2411258781623,-688.691068427175,32.222222
76.2385882338674,-688.900439356882,32.222222
77.2356983276711,-689.101353322797,32.222222
78.2323828034582,-689.293763005067,32.222222
79.2285683051135,-689.477621083838,32.222222
80.2241814765213,-689.652880239256,32.222222
81.2191489615664,-689.819493151467,32.222222
82.2133974041334,-689.977412500617,32.222222
83.2068534481069,-690.126590966853,32.222222
84.1994437373715,-690.26698123032,32.222222
85.1910949158119,-690.398535971165,32.222222
86.2184035495861,-690.525580066558,32.222222
87.2445415176275,-690.643018371423,32.222222
88.2694270075371,-690.750798111008,32.222222
89.2929782069161,-690.848866510563,32.1741882117489
90.3151133033659,-690.937170795335,32.1262616863787
91.3357504844876,-691.015658190574,32.0784422220256
92.3548079378825,-691.084275921528,32.0307295275639
93.3722038511518,-691.142971213446,31.983123220507
94.3878564118969,-691.191691291576,31.9356228248894
95.4016838077188,-691.230383381166,31.8882277691355
96.413604226219,-691.258994707467,31.8409373839136
97.4235358549985,-691.277472495726,31.7937508999794
98.4313968816587,-691.285763971192,31.7466674460111
99.4371054938008,-691.283816359113,31.6996860464377
100.440579879026,-691.271576884738,31.6528056192644
101.441738224935,-691.248992773316,31.6060249738982
102.476123362003,-691.214640377153,31.5576774089522
103.480213014923,-691.170468205247,31.658183488961
104.528569148932,-691.114272081586,31.7631696112833
105.573374684091,-691.048800211366,31.8678551008266
106.614659772135,-690.974132155355,31.9722509797285
107.652454564798,-690.890347474324,32.0763681207021
108.686789213811,-690.797525729044,32.1802172440758
109.71769387091,-690.695746480285,32.222222
110.745198687827,-690.585089288818,32.222222
111.769333816296,-690.465633715413,32.222222
112.790129408051,-690.337459320841,32.222222
113.807615614824,-690.200645665873,32.222222
114.82182258835,-690.055272311278,32.222222
115.832780480363,-689.901418817828,32.222222
116.840519442594,-689.739164746293,32.222222
117.845069626778,-689.568589657443,32.222222
118.846461184649,-689.389773112049,32.222222
119.84472426794,-689.202794670881,32.222222
120.839889028384,-689.007733894711,32.222222
121.831985617715,-688.804670344308,32.222222
122.821044187667,-688.593683580443,32.222222
123.807094889972,-688.374853163887,32.222222
124.790167876365,-688.14825865541,32.222222
125.770293298579,-687.913979615782,32.222222
126.747501308347,-687.672095605775,32.222222
127.721822057403,-687.422686186158,32.222222
128.69328569748,-687.165830917703,32.222222
129.661922380312,-686.901609361179,32.222222
130.627762257633,-686.630101077357,32.222222
131.590835481175,-686.351385627008,32.222222
132.551172202673,-686.065542570903,32.222222
133.508802573859,-685.772651469811,32.222222
134.463756746468,-685.472791884503,32.222222
135.416064872233,-685.166043375751,32.222222
136.365757102887,-684.852485504323,32.222222
137.357899915408,-684.51677952799,32.222222
138.347239527408,-684.173779032332,32.222222
139.333810606381,-683.823575493765,32.222222
140.317647819819,-683.466260388703,32.222222
141.298785835217,-683.101925193563,32.222222
142.277259320068,-682.730661384761,32.222222
143.253102941866,-682.352560438711,32.222222
144.226351368104,-681.96771383183,32.222222
145.197039266275,-681.576213040532,32.222222
146.165201303875,-681.178149541234,32.222222
147.130872148395,-680.773614810351,32.222222
148.09408646733,-680.362700324299,32.222222
149.054878928174,-679.945497559492,32.222222
149.96977162073,-679.541476569042,32.222222
150.882519359537,-679.13188887938,32.222222
151.793152296329,-678.716814051277,32.222222
152.701700582837,-678.296331645504,32.222222
153.608194370797,-677.870521222831,32.222222
154.512663811941,-677.43946234403,32.222222
155.415139058003,-677.003234569869,32.222222
156.315650260716,-676.561917461121,32.222222
157.214227571815,-676.115590578555,32.222222
158.110901143032,-675.664333482941,32.222222
159.0057011261,-675.208225735051,32.222222
159.898657672755,-674.747346895655,32.222222
160.789800934728,-674.281776525524,32.222222
161.679161063753,-673.811594185427,32.222222
162.566768211565,-673.336879436136,32.222222
163.452652529896,-672.857711838421,32.222222
164.336844170479,-672.374170953053,32.222222
165.219373285049,-671.886336340801,32.222222
166.100270025339,-671.394287562438,32.222222
166.979564543082,-670.898104178732,32.222222
167.857286990013,-670.397865750455,32.222222
168.733467517863,-669.893651838377,32.222222
169.608136278367,-669.385542003269,32.222222
170.481323423259,-668.873615805901,32.222222
171.353059104271,-668.357952807043,32.222222
172.223373473138,-667.838632567467,32.222222
173.092296681593,-667.315734647943,32.222222
173.959858881369,-666.789338609241,32.222222
174.826090224199,-666.259524012132,32.222222
175.691020861818,-665.726370417386,32.222222
176.554680945959,-665.189957385774,32.222222
177.417100628355,-664.650364478066,32.222222
178.278310060739,-664.107671255033,32.222222
179.138339394846,-663.561957277446,32.222222
179.997218782409,-663.013302106074,32.222222
180.854978375161,-662.461785301689,32.222222
181.711648324835,-661.907486425061,32.222222
182.567258783166,-661.35048503696,32.222222
183.421839901887,-660.790860698158,32.222222
184.275421832731,-660.228692969424,32.222222
185.128034727431,-659.664061411529,32.222222
185.979708737721,-659.097045585243,32.222222
186.830474015336,-658.527725051338,32.222222
187.680360712007,-657.956179370583,32.222222
188.529398979469,-657.382488103749,32.222222
189.377618969455,-656.806730811608,32.222222
190.225050833699,-656.228987054928,32.222222
191.071724723934,-655.649336394481,32.222222
191.917670791894,-655.067858391037,32.222222
192.762919189311,-654.484632605367,32.222222
193.607500067921,-653.899738598241,32.222222
194.451443579455,-653.31325593043,32.222222
195.294779875648,-652.725264162704,32.222222
196.137539108233,-652.135842855834,32.222222
196.979751428944,-651.545071570591,32.222222
197.821446989514,-650.953029867744,32.222222
198.662655941676,-650.359797308065,32.222222
199.503408437164,-649.765453452323,32.222222
200.343734627712,-649.17007786129,32.222222
201.183664665053,-648.573750095736,32.222222
202.02322870092,-647.976549716432,32.222222
202.862456887048,-647.378556284147,32.222222
203.701379375169,-646.779849359653,32.222222
204.540026317017,-646.18050850372,32.222222
205.378427864325,-645.580613277119,32.222222
206.216614168828,-644.98024324062,32.222222
207.054615382258,-644.379477954993,32.222222
207.892461656348,-643.778396981009,32.222222
208.730183142834,-643.177079879439,32.222222
209.567809993447,-642.575606211054,32.222222
210.405372359922,-641.974055536622,32.222222
211.242900393992,-641.372507416917,32.222222
212.08042424739,-640.771041412706,32.222222
212.91797407185,-640.169737084763,32.222222
213.755580019105,-639.568673993855,32.222222
214.59327224089,-638.967931700756,32.222222
215.431080888936,-638.367589766234,32.222222
216.269036114979,-637.76772775106,32.222222
217.107168070751,-637.168425216005,32.222222
217.945506907986,-636.56976172184,32.222222
218.784082778417,-635.971816829334,32.222222
219.622925833778,-635.374670099259,32.222222
220.462066225803,-634.778401092385,32.222222
221.301534106224,-634.183089369482,32.222222
222.141359626776,-633.588814491321,32.222222
222.981572939191,-632.995656018673,32.222222
223.822204195204,-632.403693512308,32.222222
224.663283546548,-631.813006532996,32.222222
225.504841144955,-631.223674641509,32.222222
226.346907142161,-630.635777398616,32.222222
227.189511689898,-630.049394365088,32.222222
228.0326849399,-629.464605101695,32.222222
228.8764570439,-628.881489169209,32.222222
229.720858153632,-628.3001261284,32.222222
230.565918420829,-627.720595540038,32.222222
231.411667997224,-627.142976964893,32.222222
232.258137034553,-626.567349963737,32.222222
233.105355684546,-625.993794097339,32.222222
233.953354098939,-625.422388926471,32.222222
234.802162429465,-624.853214011903,32.222222
235.651810827857,-624.286348914404,32.222222
236.502329445848,-623.721873194747,32.222222
237.353748435173,-623.159866413701,32.222222
238.206097947564,-622.600408132037,32.222222
239.059408134756,-622.043577910526,32.222222
239.913709148481,-621.489455309937,32.222222
240.769031140474,-620.938119891042,32.222222
241.625404262467,-620.38965121461,32.222222
242.482858666194,-619.844128841414,32.222222
243.341424503389,-619.301632332222,32.222222
244.201131925785,-618.762241247806,32.222222
245.062011085115,-618.226035148936,32.222222
245.924092133114,-617.693093596382,32.222222
246.787405221514,-617.163496150915,32.222222
247.65198050205,-616.637322373306,32.222222
248.517848126454,-616.114651824326,32.222222
249.38503824646,-615.595564064744,32.222222
250.253581013801,-615.080138655331,32.222222
251.123506580212,-614.568455156858,32.222222
251.994845097425,-614.060593130095,32.222222
252.867626717174,-613.556632135813,32.222222
253.741881591193,-613.056651734782,32.222222
254.617639871215,-612.560731487772,32.222222
255.494931708973,-612.068950955555,32.222222
256.373787256202,-611.581389698902,32.222222
257.254236664634,-611.098127278581,32.222222
258.136310086002,-610.619243255364,32.222222
259.020037672042,-610.144817190022,32.222222
259.905449574485,-609.674928643324,32.222222
260.792575945066,-609.209657176042,32.222222
261.681446935518,-608.749082348946,32.222222
262.572092697574,-608.293283722806,32.222222
263.507086568744,-607.820989861939,32.222222
264.444096021003,-607.35411670351,32.222222
265.383155721845,-606.892755723934,32.222222
266.324300338763,-606.436998399628,32.222222
267.267564539251,-605.986936207005,32.222222
268.212982990802,-605.542660622484,32.222222
269.160590360911,-605.104263122478,32.222222
270.11042131707,-604.671835183403,32.222222
271.062510526773,-604.245468281675,32.222222
272.016892657513,-603.825253893709,32.222222
272.973602376785,-603.411283495922,32.222222
273.932674352083,-603.003648564728,32.222222
274.894143250898,-602.602440576543,32.222222
275.858043740726,-602.207751007782,32.222222
276.82441048906,-601.819671334863,32.222222
277.793278163393,-601.438293034198,32.222222
278.764681431219,-601.063707582205,32.222222
279.738654960032,-600.696006455299,32.222222
280.715233417324,-600.335281129896,32.222222
281.694451470591,-599.981623082411,32.222222
282.676343787325,-599.635123789259,32.222222
283.66094503502,-599.295874726856,32.222222
284.648289881169,-598.963967371618,32.222222
285.638412993267,-598.63949319996,32.222222
286.631349038806,-598.322543688298,32.222222
287.627132685281,-598.013210313048,32.222222
288.625798600185,-597.711584550624,32.222222
289.627381451011,-597.417757877443,32.222222
290.631915905253,-597.131821769921,32.222222
291.639436630406,-596.853867704471,32.222222
292.649978293961,-596.583987157511,32.222222
293.663575563414,-596.322271605456,32.222222
294.633982505079,-596.080152981426,32.222222
295.607235322785,-595.845636860011,32.222222
296.583364168267,-595.61880280198,32.222222
297.562399193258,-595.399730368104,32.222222
298.544370549491,-595.188499119154,32.222222
299.5293083887,-594.9851886159,32.222222
300.517242862618,-594.789878419113,32.222222
301.508204122979,-594.602648089562,32.222222
302.502222321516,-594.42357718802,32.222222
303.499327609963,-594.252745275256,32.222222
304.499550140053,-594.09023191204,32.222222
305.50292006352,-593.936116659143,32.222222
306.509467532098,-593.790479077337,32.222222
307.519222697519,-593.653398727391,32.222222
308.532215711517,-593.524955170075,32.222222
309.548476725826,-593.405227966161,32.222222
310.568035892179,-593.294296676419,32.222222
311.59092336231,-593.192240861619,32.222222
312.617169287952,-593.099140082532,32.222222
313.646803820839,-593.015073899928,32.222222
314.679857112704,-592.940121874579,32.222222
315.71635931528,-592.874363567253,32.222222
316.756340580302,-592.817878538723,32.222222
317.799831059503,-592.770746349758,32.222222
318.846860904615,-592.73304656113,32.222222